1.6490 1.7085 1.8312 1.9497 2.0168 2.0549 2.0807 2.1367 2.1904 2.1880
1.5895 1.6452 1.8354 2.0013 2.0457 2.0671 2.0506 2.1390 2.2464 2.1856
1.4743 1.5058 1.7000 1.8801 1.9621 2.0235 2.0095 2.0510 2.1305 2.1226
1.3277 1.3511 1.5253 1.7243 1.8634 1.8927 1.9435 1.9934 2.0683 2.0516
1.1576 1.1854 1.2888 1.4845 1.6179 1.7406 1.8837 1.9241 1.9730 1.9639
0.9597 0.9056 1.0246 1.1722 1.3832 1.5679 1.7664 1.8637 1.9172 1.8671
0.8159 0.7504 0.8052 0.7966 1.1747 1.4255 1.6072 1.6910 1.6875 1.7203
0.7377 0.7191 0.7499 0.9518 1.0937 1.2716 1.4402 1.5722 1.5840 1.6063
0.6780 0.6187 0.6747 0.8470 0.9753 1.1188 1.2699 1.3836 1.4651 1.5147
0.6777 0.6774 0.7357 0.8549 0.9819 1.1157 1.2463 1.3534 1.4304 1.4725
