-0.2582 -0.2586 -0.3139 -0.3974 -0.4947 -0.5896 -0.6834 -0.7714 -0.8532 -0.8908
-0.2578 -0.2036 -0.2857 -0.3838 -0.4970 -0.5908 -0.6893 -0.7774 -0.8976 -0.9283
-0.3116 -0.2862 -0.3853 -0.4929 -0.5880 -0.6886 -0.7807 -0.8990 -0.9892 -0.9967
-0.3907 -0.3839 -0.4940 -0.5781 -0.6697 -0.7859 -0.8905 -0.9909 -1.0825 -1.0725
-0.4768 -0.4883 -0.5343 -0.6347 -0.7733 -0.8949 -0.9391 -1.0450 -1.1462 -1.1383
-0.5513 -0.5377 -0.5959 -0.7347 -0.8940 -1.0811 -0.9987 -1.0909 -1.1729 -1.1963
-0.6395 -0.6031 -0.6994 -0.8141 -0.9868 -1.1852 -1.0746 -1.1753 -1.2803 -1.2776
-0.7639 -0.7831 -0.8139 -0.9314 -1.0538 -1.1902 -1.2066 -1.2687 -1.3777 -1.3562
-0.8693 -0.9353 -0.9753 -1.0574 -1.1829 -1.2863 -1.3031 -1.3746 -1.4687 -1.4133
-0.9086 -0.9479 -0.9998 -1.0762 -1.1715 -1.2554 -1.3083 -1.3665 -1.4167 -1.4150
