1.5317 1.5602 1.6137 1.6934 1.7867 1.8778 1.9217 1.9319 1.9468 1.9370
1.5033 1.5350 1.5876 1.6799 1.7888 1.9249 1.9555 1.9272 1.9716 1.9271
1.4432 1.4428 1.5541 1.6054 1.7201 1.8438 1.9112 1.9485 1.8786 1.8728
1.3835 1.3872 1.4659 1.5257 1.6108 1.7407 1.8585 1.8975 1.8306 1.8128
1.3200 1.3066 1.4635 1.5026 1.5500 1.6496 1.7860 1.8245 1.7505 1.7350
1.2700 1.2951 1.3952 1.3696 1.4372 1.5215 1.6651 1.7468 1.6492 1.6417
1.1949 1.2035 1.2783 1.1436 1.3075 1.4136 1.5490 1.5946 1.5342 1.5410
1.1112 1.0872 1.1560 1.1936 1.2357 1.3293 1.4133 1.4992 1.4136 1.4471
1.0514 0.9955 1.0912 1.1184 1.1780 1.2488 1.3258 1.3923 1.3422 1.3868
1.0477 1.0439 1.0886 1.1308 1.1855 1.2476 1.3084 1.3519 1.3550 1.3709
