1.6576 1.7117 1.8324 1.9502 2.0170 2.0549 2.0808 2.1368 2.1906 2.1887
1.6034 1.6452 1.8354 2.0013 2.0457 2.0671 2.0506 2.1390 2.2464 2.1868
1.5074 1.5058 1.7000 1.8801 1.9621 2.0235 2.0095 2.0510 2.1305 2.1253
1.4130 1.3872 1.5253 1.7243 1.8634 1.8963 1.9435 1.9934 2.0683 2.0586
1.3444 1.3066 1.4635 1.5026 1.6710 1.7547 1.8837 1.9241 1.9730 1.9822
1.3136 1.2951 1.3952 1.4714 1.5634 1.5679 1.7664 1.8637 1.9172 1.9151
1.3015 1.2724 1.3650 1.4244 1.5432 1.6187 1.7984 1.8552 1.7883 1.8459
1.3184 1.3442 1.4427 1.5009 1.5664 1.7443 1.8735 2.0273 1.8351 1.8343
1.3094 1.2913 1.3526 1.4370 1.4809 1.6011 1.7330 1.8621 1.8163 1.8219
1.3186 1.3278 1.3734 1.4399 1.5094 1.6073 1.7115 1.7940 1.8085 1.8152
