-0.8326 -0.8499 -0.8519 -0.9083 -0.9880 -1.0759 -1.1626 -1.2410 -1.3022 -1.3031
-0.8154 -0.8651 -0.7975 -0.8850 -0.9798 -1.0772 -1.1708 -1.2582 -1.3625 -1.3040
-0.7485 -0.7657 -0.6945 -0.7864 -0.8695 -0.9860 -1.0834 -1.1811 -1.2659 -1.2463
-0.6644 -0.6609 -0.5899 -0.6686 -0.7724 -0.8787 -0.9709 -1.0684 -1.1753 -1.1690
-0.5837 -0.5689 -0.5107 -0.6065 -0.6817 -0.7855 -0.8995 -1.0012 -1.0889 -1.0854
-0.5178 -0.4962 -0.3891 -0.4408 -0.5623 -0.6820 -0.7706 -0.8941 -0.9979 -0.9983
-0.4735 -0.4040 -0.2920 -0.2054 -0.4446 -0.6093 -0.6847 -0.7682 -0.8855 -0.9116
-0.4987 -0.4800 -0.3854 -0.2814 -0.4014 -0.5235 -0.6010 -0.6964 -0.7813 -0.8510
-0.5425 -0.5855 -0.4901 -0.3972 -0.5094 -0.5995 -0.6820 -0.7747 -0.8837 -0.8600
-0.5434 -0.5442 -0.5038 -0.4771 -0.5303 -0.6043 -0.6830 -0.7628 -0.8306 -0.8453
