-0.8985 -0.9359 -1.0040 -1.0913 -1.1855 -1.2801 -1.3715 -1.4484 -1.5042 -1.5050
-0.8610 -0.9053 -0.9849 -1.0843 -1.1853 -1.2832 -1.3862 -1.4694 -1.5592 -1.5058
-0.7792 -0.8032 -0.8885 -0.9881 -1.0682 -1.1777 -1.2717 -1.3843 -1.4838 -1.4533
-0.6735 -0.6722 -0.7717 -0.8749 -0.9784 -1.0821 -1.1888 -1.2881 -1.3762 -1.3704
-0.5690 -0.5517 -0.6527 -0.7523 -0.8723 -0.9834 -1.0882 -1.1902 -1.2824 -1.2818
-0.4819 -0.4829 -0.5594 -0.6619 -0.7750 -0.8909 -0.9911 -1.0920 -1.1933 -1.1924
-0.3937 -0.3897 -0.4707 -0.5610 -0.6748 -0.7878 -0.8894 -0.9952 -1.0961 -1.1022
-0.3094 -0.2796 -0.3793 -0.4808 -0.5755 -0.6821 -0.7933 -0.8962 -1.0044 -1.0180
-0.2550 -0.1996 -0.2810 -0.4084 -0.5038 -0.5915 -0.7048 -0.8039 -0.9145 -0.9474
-0.2561 -0.2572 -0.3158 -0.4092 -0.5036 -0.5976 -0.6979 -0.7912 -0.8718 -0.9096
