0.8897 0.8893 0.9377 1.0042 1.0745 1.1494 1.2200 1.2779 1.2901 1.3078
0.8902 0.8404 0.9195 1.0005 1.0698 1.1536 1.2326 1.3238 1.2844 1.3255
0.9405 0.9136 1.0064 1.0615 1.1528 1.2246 1.3457 1.4446 1.3677 1.3844
1.0177 1.0031 1.0915 1.0006 1.0807 1.2874 1.4490 1.5365 1.4385 1.4600
1.1094 1.1265 1.2044 1.1163 1.2447 1.3953 1.5478 1.6617 1.5523 1.5571
1.1842 1.1912 1.2791 1.3016 1.3867 1.5012 1.6503 1.8072 1.6721 1.6590
1.2519 1.2724 1.3650 1.4244 1.4990 1.6187 1.7984 1.8552 1.7883 1.7479
1.2992 1.3442 1.4427 1.5009 1.5664 1.7443 1.8735 2.0273 1.8351 1.7963
1.3014 1.2913 1.3526 1.4370 1.4809 1.6011 1.7330 1.8621 1.8163 1.8060
1.3136 1.3259 1.3727 1.4396 1.5092 1.6071 1.7109 1.7926 1.8047 1.8054
